96 8 0 0 8 0 30
98 8 0 30 8 1 36
100 8 1 36 8 1 39
102 8 1 39 8 4 17
103 8 4 17 8 5 56
104 8 5 56 8 6 37
106 8 6 37 8 6 51
108 8 6 51 8 10 57
112 8 10 57 8 12 43
113 8 12 43 8 13 30
114 8 13 30 8 15 43
115 8 15 43 8 17 13
117 8 17 13 8 17 38
119 8 17 38 8 18 4
120 8 18 4 8 20 39
122 8 20 39 8 20 40
123 8 20 40 8 22 17
126 8 22 17 8 24 51
130 8 24 51 8 25 54
131 8 25 54 8 29 40
137 8 29 40 8 31 42
138 8 31 42 8 33 27
139 8 33 27 8 34 10
143 8 34 10 8 34 26
145 8 34 26 8 35 0
146 8 35 0 8 35 40
148 8 35 40 8 39 22
150 8 39 22 8 41 11
152 8 41 11 8 43 42
154 8 43 42 8 44 23
156 8 44 23 8 45 42
159 8 45 42 8 45 53
160 8 45 53 8 47 47
162 8 47 47 8 49 1
166 8 49 1 8 50 44
167 8 50 44 8 52 29
168 8 52 29 8 55 22
169 8 55 22 8 56 5
173 8 56 5 8 56 53
174 8 56 53 8 57 42
176 8 57 42 9 1 51
178 9 1 51 9 2 27
182 9 2 27 9 6 1
183 9 6 1 9 7 29
184 9 7 29 9 8 42
187 9 8 42 9 8 57
190 9 8 57 9 10 4
191 9 10 4 9 10 10
193 9 10 10 9 11 25
195 9 11 25 9 13 12
198 9 13 12 9 13 38
200 9 13 38 9 14 44
201 9 15 26 9 19 11
206 9 19 11 9 20 39
208 9 20 39 9 23 31
209 9 23 31 9 24 48
214 9 24 48 9 26 28
215 9 26 28 9 28 6
218 9 28 6 9 28 43
220 9 28 43 9 29 24
224 9 29 24 9 33 14
225 9 33 14 9 34 13
227 9 34 13 9 35 55
232 9 35 55 9 38 50
234 9 38 50 9 39 28
235 9 39 28 9 39 44
237 9 39 44 9 41 36
238 9 41 36 9 41 52
239 9 41 52 9 43 46
242 9 43 56 9 48 8
243 9 48 8 9 48 47
244 9 48 47 9 49 46
247 9 49 46 9 50 1
248 9 50 1 9 54 9
250 9 54 9 9 55 39
253 9 55 39 9 58 1
254 9 58 1 10 0 22
255 10 0 22 10 1 15
257 10 1 15 10 4 22
262 10 4 22 10 6 41
268 10 6 41 10 9 30
271 10 9 30 10 10 48
272 10 10 48 10 13 37
277 10 13 37 10 16 18
280 10 16 18 10 19 2
281 10 19 2 10 20 10
282 10 20 10 10 21 18
284 10 21 18 10 22 37
286 10 22 37 10 25 45
290 10 25 45 10 25 47
291 10 25 47 10 26 55
293 10 26 55 10 28 45
300 10 28 45 10 30 20
302 10 30 20 10 31 25
304 10 31 25 10 35 31
308 10 35 31 10 38 18
309 10 38 18 10 40 0
312 10 40 0 10 40 28
314 10 40 28 10 42 59
315 10 42 59 10 45 6
317 10 45 6 10 45 50
318 10 45 50 10 46 17
320 10 46 17 10 48 0
321 10 48 0 10 48 7
323 10 48 7 10 49 4
324 10 49 4 10 51 12
326 10 51 12 10 51 44
327 10 51 44 10 52 15
329 10 52 15 10 54 0
334 10 54 0 10 54 53
335 10 54 53 10 56 1
336 10 56 1 10 56 4
337 10 56 4 10 59 34
341 10 59 34 11 1 46
342 11 1 46 11 2 44
346 11 2 44 11 3 17
347 11 3 17 11 5 29
350 11 5 29 11 5 40
352 11 5 40 11 8 54
354 11 8 54 11 9 50
355 11 9 50 11 12 25
359 11 12 25 11 14 29
360 11 14 29 11 15 15
361 11 15 15 11 15 52
362 11 15 52 11 18 59
367 11 18 59 11 19 37
368 11 19 37 11 20 27
372 11 20 27 11 24 19
374 11 24 19 11 24 48
376 11 24 48 11 25 14
377 11 25 14 11 26 52
378 11 26 52 11 29 18
380 11 29 18 11 30 6
383 11 30 6 11 32 32
384 11 32 32 11 33 36
386 11 33 36 11 36 4
389 11 36 4 11 37 5
391 11 37 5 11 38 57
393 11 38 57 11 41 13
402 11 41 13 11 43 50
404 11 43 50 11 44 0
406 11 44 0 11 45 48
407 11 45 48 11 47 27
409 11 47 27 11 47 51
410 11 47 51 11 48 54
412 11 48 54 11 51 36
413 11 51 36 11 52 18
415 11 52 18 11 53 12
416 11 53 12 11 53 34
417 11 53 34 11 54 26
419 11 54 26 11 55 25
420 11 55 25 11 55 37
421 11 55 37 11 57 10
422 11 57 10 11 57 43
423 11 57 43 11 58 37
425 11 58 37 12 0 22
428 12 0 22 12 2 29
432 12 2 29 12 3 46
